
--------------------
 Para 50 reinas
____________________
[0, 3, 6, 17, 24, 45, 34, 49, 46, 25, 21, 19, 48, 9, 47, 20, 26, 15, 40, 43, 1, 27, 2, 13, 42, 44, 29, 10, 5, 22, 14, 7, 11, 8, 12, 4, 23, 31, 39, 36, 32, 30, 41, 38, 35, 18, 28, 33, 16, 37]
Y se realizaron 611 backtrackings

--------------------
 Para 101 reinas
____________________
[0, 3, 100, 7, 47, 55, 98, 60, 99, 97, 51, 1, 96, 59, 2, 50, 8, 62, 58, 95, 92, 89, 69, 54, 94, 34, 4, 93, 45, 28, 79, 44, 6, 91, 29, 43, 90, 76, 10, 5, 26, 42, 12, 87, 24, 13, 39, 9, 86, 83, 14, 49, 88, 85, 30, 66, 80, 41, 70, 11, 56, 21, 84, 17, 78, 23, 82, 77, 18, 25, 52, 22, 20, 32, 27, 81, 19, 64, 75, 73, 65, 15, 37, 40, 31, 48, 53, 16, 67, 72, 61, 68, 57, 74, 63, 36, 33, 46, 71, 38, 35]
Y se realizaron 25 backtrackings

--------------------
 Para 50 reinas
____________________
[0, 3, 6, 17, 24, 45, 34, 49, 46, 25, 21, 19, 48, 9, 47, 20, 26, 15, 40, 43, 1, 27, 2, 13, 42, 44, 29, 10, 5, 22, 14, 7, 11, 8, 12, 4, 23, 31, 39, 36, 32, 30, 41, 38, 35, 18, 28, 33, 16, 37]
Y se realizaron 92 backtrackings

--------------------
 Para 101 reinas
____________________
[0, 3, 100, 7, 47, 55, 98, 62, 99, 97, 45, 1, 96, 60, 2, 57, 8, 50, 58, 95, 92, 89, 59, 54, 94, 34, 4, 93, 51, 28, 79, 44, 6, 91, 29, 43, 90, 76, 10, 5, 26, 42, 12, 87, 24, 13, 39, 9, 86, 83, 14, 49, 88, 85, 30, 66, 80, 41, 70, 11, 56, 21, 84, 17, 78, 23, 82, 77, 18, 25, 52, 22, 20, 32, 27, 81, 19, 64, 75, 73, 69, 15, 37, 40, 31, 48, 61, 16, 67, 72, 35, 68, 53, 74, 63, 36, 33, 46, 65, 38, 71]
Y se realizaron 4 backtrackings

Siendo las dos primeras corridas correspondientes a consistencia tipo = 1, observamos que las se realizaron muchos backtrackings que en la consistencia tipo=2, algo que me sorprendio es que en ambos casos de consistencia se realizarion mas backtrackings con las 50 reinas que con las 101.


Ejercicio 2. Comparando 2-consistencia y 1-consistencia
Arco Consistencia tipo = 1

--------------------
 Para 50 reinas
____________________
[0, 3, 6, 17, 24, 45, 34, 49, 46, 25, 21, 19, 48, 9, 47, 20, 26, 15, 40, 43, 1, 27, 2, 13, 42, 44, 29, 10, 5, 22, 14, 7, 11, 8, 12, 4, 23, 31, 39, 36, 32, 30, 41, 38, 35, 18, 28, 33, 16, 37]
Y se realizaron 611 backtrackings

--------------------
 Para 101 reinas
____________________
[0, 3, 100, 7, 47, 55, 98, 60, 99, 97, 51, 1, 96, 59, 2, 50, 8, 62, 58, 95, 92, 89, 69, 54, 94, 34, 4, 93, 45, 28, 79, 44, 6, 91, 29, 43, 90, 76, 10, 5, 26, 42, 12, 87, 24, 13, 39, 9, 86, 83, 14, 49, 88, 85, 30, 66, 80, 41, 70, 11, 56, 21, 84, 17, 78, 23, 82, 77, 18, 25, 52, 22, 20, 32, 27, 81, 19, 64, 75, 73, 65, 15, 37, 40, 31, 48, 53, 16, 67, 72, 61, 68, 57, 74, 63, 36, 33, 46, 71, 38, 35]
Y se realizaron 25 backtrackings

--------------------
 Para 201 reinas
____________________
[0, 3, 200, 7, 118, 68, 198, 129, 199, 197, 114, 1, 196, 108, 2, 95, 8, 70, 117, 195, 192, 189, 120, 123, 194, 54, 4, 193, 130, 110, 137, 66, 6, 191, 147, 124, 190, 127, 10, 5, 55, 134, 12, 187, 116, 13, 143, 121, 131, 11, 100, 15, 49, 164, 145, 62, 141, 17, 14, 168, 43, 50, 92, 21, 188, 185, 16, 52, 155, 88, 139, 148, 26, 19, 22, 150, 47, 144, 186, 136, 57, 89, 73, 25, 160, 9, 79, 175, 18, 112, 24, 27, 93, 153, 67, 77, 48, 41, 36, 157, 32, 165, 184, 151, 156, 173, 176, 33, 128, 171, 166, 51, 146, 125, 42, 169, 158, 35, 75, 103, 152, 119, 44, 109, 104, 80, 122, 86, 115, 105, 133, 64, 138, 78, 180, 39, 154, 161, 182, 149, 178, 181, 40, 37, 172, 53, 38, 183, 162, 29, 46, 177, 34, 63, 170, 45, 20, 179, 167, 31, 135, 142, 30, 174, 159, 23, 28, 132, 97, 163, 83, 71, 59, 140, 81, 126, 61, 94, 113, 82, 69, 58, 65, 76, 99, 84, 111, 98, 85, 56, 91, 96, 87, 74, 106, 101, 72, 60, 107, 90, 102]
Y se realizaron 35203 backtrackings
Arco Consistencia tipo = 2

--------------------
 Para 50 reinas
____________________
[0, 3, 6, 17, 24, 45, 34, 49, 46, 25, 21, 19, 48, 9, 47, 20, 26, 15, 40, 43, 1, 27, 2, 13, 42, 44, 29, 10, 5, 22, 14, 7, 11, 8, 12, 4, 23, 31, 39, 36, 32, 30, 41, 38, 35, 18, 28, 33, 16, 37]
Y se realizaron 92 backtrackings

--------------------
 Para 101 reinas
____________________
[0, 3, 100, 7, 47, 55, 98, 62, 99, 97, 45, 1, 96, 60, 2, 57, 8, 50, 58, 95, 92, 89, 59, 54, 94, 34, 4, 93, 51, 28, 79, 44, 6, 91, 29, 43, 90, 76, 10, 5, 26, 42, 12, 87, 24, 13, 39, 9, 86, 83, 14, 49, 88, 85, 30, 66, 80, 41, 70, 11, 56, 21, 84, 17, 78, 23, 82, 77, 18, 25, 52, 22, 20, 32, 27, 81, 19, 64, 75, 73, 69, 15, 37, 40, 31, 48, 61, 16, 67, 72, 35, 68, 53, 74, 63, 36, 33, 46, 65, 38, 71]
Y se realizaron 4 backtrackings

--------------------
 Para 201 reinas
____________________
[0, 3, 200, 7, 118, 68, 198, 129, 199, 197, 114, 1, 196, 108, 2, 95, 8, 70, 117, 195, 192, 189, 120, 123, 194, 54, 4, 193, 130, 110, 137, 66, 6, 191, 147, 124, 190, 127, 10, 5, 55, 134, 12, 187, 116, 13, 143, 121, 131, 11, 100, 15, 49, 164, 145, 62, 141, 17, 14, 168, 43, 50, 92, 21, 188, 185, 16, 52, 155, 88, 139, 148, 26, 19, 22, 150, 47, 144, 186, 136, 57, 89, 73, 25, 160, 9, 79, 175, 18, 112, 24, 27, 93, 153, 67, 77, 48, 41, 36, 157, 32, 165, 184, 151, 156, 173, 176, 33, 128, 171, 166, 51, 146, 125, 42, 169, 158, 35, 75, 103, 152, 119, 44, 109, 104, 80, 122, 86, 115, 105, 133, 64, 138, 78, 180, 39, 154, 161, 182, 149, 178, 181, 40, 37, 172, 53, 38, 183, 162, 29, 46, 177, 34, 63, 170, 45, 20, 179, 167, 31, 135, 142, 30, 174, 159, 23, 28, 132, 97, 163, 83, 71, 59, 140, 81, 126, 61, 94, 113, 82, 69, 58, 65, 76, 99, 84, 111, 98, 85, 56, 91, 96, 87, 74, 106, 101, 72, 60, 107, 90, 102]
Y se realizaron 5639 backtrackings

Observamos que Arco-Consistencia tipo 2, es por lejos mejor que la tipo 1, en el caso de las 201 AC-3 llega a utilizar menos backtrackings, a una razon de 6:1 con la consistencia tipo 1. Lo cual prueba la efectividad de este algoritmo de los 70's.
